0.900000 0.449604 0.000000
4608 7
0 214.92188
1 -3.9094393
2 -3.9049392
3 -3.9247594
4 -11.605975
5 -3.4350784
6 -3.9260721
4096 7
0 172.1867
1 -5.5154085
2 -5.4713764
3 -5.066701
4 -12.567505
5 -5.066701
6 -5.0645385
0 7
0 -5.5620213
1 -5.5953608
2 -5.9295573
3 -5.5579195
4 -10.956066
5 -5.5579195
6 -5.5584273
12800 7
0 -935.1651
1 -4.3991585
2 -4.4113245
3 -4.407289
4 -11.626672
5 -4.407289
6 -4.407289
12288 7
0 -3.853803
1 -4.4856586
2 -4.945778
3 -4.9211984
4 -15.92233
5 -4.9069824
6 -4.9211984
4609 7
0 -2.7093256
1 -3.2872405
2 -3.3218017
3 -3.2864122
4 -11.513547
5 -3.2878077
6 -3.2878077
4610 7
0 -4.4944115
1 -3.3727412
2 -3.3803146
3 -3.9587889
4 -3.9601145
5 -4.484541
6 -3.9587889
4098 7
0 -3.9630346
1 -3.4050066
2 -2.6938686
3 -2.697892
4 -2.697892
5 -2.697892
6 -2.697892
2 7
0 -3.3943644
1 -1.8990812
2 -1.8972996
3 -2.699487
4 -2.7002966
5 -2.7002966
6 -2.699487
12290 7
0 -976.34076
1 -9.322713
2 -9.255984
3 -9.254447
4 -9.254447
5 -9.253843
6 -9.254447
12802 7
0 -982.152
1 -5.951829
2 -5.5733156
3 -5.960048
4 -5.96615
5 -5.959932
6 -5.959932
4611 7
0 -4.51702
1 -4.556124
2 -4.02413
3 -4.5561147
4 -4.5561147
5 -4.555413
6 -4.555413
4099 7
0 -2.5941691
1 -0.97823083
2 -0.97823083
3 -1.8397396
4 -0.97823083
5 -0.97823083
6 -1.8275005
12291 7
0 0.0
1 -0.9598122
2 -0.9598122
3 -0.9598122
4 -0.9598122
5 0.0
6 -0.9598122
12803 7
0 -932.3631
1 -0.93143165
2 -0.9733507
3 0.0
4 0.0
5 0.0
6 -0.93143165
518 7
0 -0.996006
1 -0.996006
2 0.0
3 0.0
4 -0.996006
5 0.0
6 0.0
6 7
0 -0.996006
1 -1.8910205
2 -0.996006
3 -0.996006
4 -0.996006
5 -0.996006
6 -0.996006
4102 7
0 -0.99501
1 0.0
2 0.0
3 0.0
4 -0.99501
5 -0.99501
6 0.0
4614 7
0 0.0
1 0.0
2 0.0
3 0.0
4 0.0
5 -0.9792098
6 0.0
12806 7
0 -930.50006
1 0.0
2 -0.9295705
3 0.0
4 0.0
5 0.0
6 0.0
4615 7
0 -0.9792098
1 0.0
2 0.0
3 -0.9792098
4 -0.9792098
5 -0.9792098
6 -0.9792098
519 7
0 0.0
1 0.0
2 -0.9607733
3 0.0
4 0.0
5 0.0
6 0.0
4624 7
0 -967.52704
1 -3.852404
2 -3.3651285
3 -3.2944355
4 -10.771308
5 -3.2957196
6 -3.2930102
4112 7
0 -5.562062
1 -5.105747
2 -5.08911
3 -5.5161853
4 -12.544156
5 -5.5152035
6 -5.5152035
16 7
0 -5.969642
1 -5.6676497
2 -5.5834646
3 -5.969642
4 -10.978011
5 -5.9705405
6 -5.9705405
12304 7
0 -940.796
1 -4.9240117
2 -5.3279595
3 -4.9111567
4 -17.66854
5 -4.9069843
6 -4.9069843
12816 7
0 -933.2961
1 -4.3583803
2 -4.4045563
3 -4.403824
4 -10.34877
5 -4.403824
6 -4.403824
4625 7
0 -964.62604
1 -3.2902663
2 -2.673547
3 -3.2965121
4 -10.568506
5 -3.2925158
6 -3.2957993
4113 7
0 0.0
1 0.0
2 0.0
3 0.0
4 -11.387343
5 0.0
6 -0.9588522
4626 7
0 -991.035
1 -3.9049635
2 485.54373
3 -3.316958
4 -3.316958
5 -3.370583
6 -3.303887
4114 7
0 -2.7019017
1 -2.7098024
2 -3.411415
3 -3.415077
4 -3.415077
5 -3.415077
6 -3.415077
18 7
0 -1.8973008
1 -2.6994996
2 -2.7011154
3 -2.7011058
4 -2.7011058
5 -2.7011068
6 -2.7011058
12818 7
0 -998.0
1 -5.9268813
2 -5.5999374
3 -5.546176
4 -5.547626
5 -5.546176
6 -5.546176
12306 7
0 -992.02704
1 -9.322297
2 -9.322824
3 -9.254736
4 -9.322824
5 -9.254736
6 -9.254736
4627 7
0 -998.999
1 -3.9465299
2 -4.0232873
3 -3.9925954
4 -3.9932506
5 -3.9932654
6 -3.9932654
4115 7
0 898.1
1 -0.998929
2 -1.8620511
3 -1.8388729
4 -1.8388729
5 -1.8275005
6 -1.8388729
19 7
0 -0.97823083
1 0.0
2 -0.97823083
3 -0.97823083
4 0.0
5 -0.97823083
6 999.0
12307 7
0 -960.77203
1 -0.9598122
2 -0.9598122
3 -0.9598122
4 -0.9598122
5 -0.9598122
6 -0.9598122
12819 7
0 -974.32404
1 0.0
2 0.0
3 -0.9733507
4 0.0
5 0.0
6 0.0
22 7
0 -1.8910155
1 -1.8919125
2 -1.8910155
3 -1.8910155
4 -1.8910155
5 -0.996006
6 -1.8910155
4118 7
0 -0.99501
1 0.0
2 0.0
3 -0.99501
4 -0.99501
5 0.0
6 -0.99501
4630 7
0 0.0
1 0.0
2 -0.9792098
3 0.0
4 0.0
5 0.0
6 -0.9792098
12822 7
0 -941.73804
1 -0.9295705
2 0.0
3 -0.9295705
4 -0.94079727
5 -0.9295705
6 -0.94079727
4631 7
0 -0.9607733
1 0.0
2 0.0
3 0.0
4 0.0
5 0.0
6 0.0
535 7
0 -0.9607733
1 -0.9607733
2 -0.99846125
3 -1.8292382
4 -1.8292382
5 -1.8292382
6 -1.8292382
4640 7
0 -3.2838008
1 -3.2926087
2 -3.332752
3 -3.2837534
4 -12.151621
5 374.14072
6 -3.2888663
4128 7
0 -5.0927024
1 -5.1094604
2 -5.130646
3 -5.0910864
4 -12.577874
5 -5.0910864
6 -5.0927024
32 7
0 -5.5842447
1 -5.674567
2 -5.9869375
3 -5.583761
4 -11.863439
5 -5.5842447
6 -5.583761
12320 7
0 -4.924759
1 -4.9524446
2 -5.2822585
3 -4.9216175
4 -16.979242
5 -4.924759
6 -4.9216175
12832 7
0 -4.421474
1 -4.314574
2 -4.4036045
3 -4.394693
4 -14.444316
5 -4.400426
6 -4.400426
4641 7
0 558.7757
1 -2.6047533
2 -2.6028388
3 -2.5996716
4 -11.559727
5 -2.5996716
6 -2.5996716
4129 7
0 0.0
1 -0.9588522
2 -0.93891615
3 0.0
4 715.5355
5 0.0
6 0.0
4642 7
0 -3.3272254
1 -2.6734636
2 -3.3362184
3 -3.3346949
4 -3.3346949
5 585.8043
6 -3.3346949
4130 7
0 -3.3726637
1 -3.415077
2 -3.4243975
3 -3.415077
4 -3.3726637
5 -3.415077
6 -3.415077
34 7
0 -3.4107578
1 -2.7011058
2 -2.7066033
3 -2.7011068
4 -3.4107578
5 -3.4107578
6 -3.4107578
12834 7
0 -5.5781345
1 -5.597974
2 -5.9170566
3 -5.5375724
4 -5.5375724
5 -5.5375724
6 -5.5375724
12322 7
0 -9.322824
1 -9.322821
2 -9.264948
3 -9.323292
4 -1.619661
5 -9.322824
6 -9.322824
4643 7
0 652.0049
1 -3.4130383
2 -4.523812
3 -3.9842422
4 -3.986202
5 -3.986202
6 -3.9842422
4131 7
0 -1.8607682
1 807.29004
2 -1.8607682
3 -1.8607682
4 -1.8607682
5 -1.8607682
6 -1.8607682
35 7
0 -0.9821529
1 -0.97823083
2 -0.9821529
3 -0.97823083
4 -0.9569351
5 -0.9569351
6 955.97815
12323 7
0 -1.8275005
1 -0.99838495
2 -1.8275005
3 -0.9598122
4 -0.9598122
5 -1.8275005
6 -1.8275005
4134 7
0 -0.99501
1 -0.99501
2 -0.99501
3 0.0
4 0.0
5 0.0
6 0.0
38 7
0 -1.8910155
1 -1.8910155
2 -0.9999751
3 -1.8910155
4 -1.8910155
5 -1.8910155
6 -1.8910155
4646 7
0 0.0
1 0.0
2 -0.9792098
3 0.0
4 0.0
5 0.0
6 0.0
550 7
0 -0.9295705
1 0.0
2 0.0
3 0.0
4 -0.9295705
5 0.0
6 0.0
551 7
0 -0.9351659
1 -1.7915502
2 -0.9607733
3 -0.9607733
4 -0.9607733
5 0.0
6 0.0
39 7
0 0.0
1 0.0
2 -0.9351659
3 0.0
4 0.0
5 0.0
6 0.0
4144 7
0 -993.02
1 -5.5202255
2 153.96805
3 -5.554658
4 -11.0
5 -5.554625
6 -5.55522
4656 7
0 -970.4341
1 -3.2904763
2 -3.8655148
3 -3.9009047
4 -11.455812
5 -3.3396096
6 -3.2923784
48 7
0 137.57124
1 -5.971846
2 -5.893859
3 -5.9910493
4 -10.989
5 -5.991047
6 -5.9906025
12336 7
0 -4.918115
1 -4.921918
2 -4.9430623
3 -4.909058
4 -17.289745
5 -4.91915
6 -4.918115
12848 7
0 -4.4049606
1 -4.4265804
2 -4.352093
3 -4.4038715
4 -14.128369
5 -4.4038715
6 -4.4049606
4657 7
0 -965.59204
1 -2.7089665
2 -3.2524743
3 -3.2844467
4 -10.814495
5 -3.289622
6 -3.279405
4145 7
0 -939.85504
1 0.0
2 0.0
3 0.0
4 0.0
5 0.0
6 -0.93891615
4146 7
0 -1001.0
1 -3.9314175
2 -3.3588574
3 -3.3704696
4 -3.3704696
5 -3.3726637
6 -3.3726637
4658 7
0 -986.09
1 -3.3327641
2 -3.8887992
3 -3.322002
4 -3.322002
5 -3.9510205
6 -3.322002
50 7
0 -2.6986864
1 -1.8972979
2 -2.6922998
3 -2.692299
4 -2.6922998
5 -1.8964025
6 -2.6978784
12338 7
0 -953.4179
1 -9.322795
2 -9.259184
3 -9.322714
4 -9.322714
5 -9.322824
6 -9.26012
12850 7
0 -5.9511857
1 -5.9652457
2 -5.9294
3 -5.9498677
4 -5.9511857
5 -5.9498677
6 -5.9511857
4147 7
0 -983.135
1 -0.97823083
2 -0.9995261
3 -0.9821529
4 -0.9821529
5 -0.9821529
6 -0.97823083
4659 7
0 -990.044
1 553.5328
2 -4.5554247
3 -4.5560036
4 -4.5572405
5 -4.5589843
6 -4.5572405
51 7
0 -0.9821529
1 0.0
2 0.0
3 0.0
4 0.0
5 0.0
6 0.0
12339 7
0 -0.9598122
1 -1.8275005
2 -0.9598122
3 -0.9598122
4 -1.8275005
5 -0.9598122
6 -0.9598122
12851 7
0 0.0
1 0.0
2 -0.93143165
3 0.0
4 0.0
5 0.0
6 0.0
4150 7
0 -996.005
1 -0.99501
2 -0.99501
3 0.0
4 -0.99501
5 0.0
6 -0.99501
54 7
0 -0.9999751
1 -1.8860505
2 -0.996006
3 -0.99501
4 -0.996006
5 -0.996006
6 -0.996006
566 7
0 0.0
1 0.0
2 -0.996006
3 0.0
4 0.0
5 0.0
6 -0.996006
4662 7
0 0.0
1 0.0
2 -0.9792098
3 0.0
4 0.0
5 0.0
6 -0.9792098
567 7
0 -0.9607733
1 0.0
2 0.0
3 0.0
4 -0.9607733
5 0.0
6 -0.9607733
4663 7
0 -961.7341
1 0.0
2 0.0
3 0.0
4 -0.9607733
5 -0.9607733
6 -0.9607733
55 7
0 0.0
1 0.0
2 0.0
3 0.0
4 -0.9351659
5 -0.9351659
6 934.2307
4352 7
0 192.42969
1 -4.518312
2 -5.0879073
3 -4.5274725
4 -11.722748
5 -4.52927
6 -4.5286727
4864 7
0 -3.2835748
1 239.9132
2 -3.2423646
3 -3.2807066
4 -12.270771
5 -3.2807066
6 -3.2807066
768 7
0 -3.250831
1 -3.3982859
2 -4.198918
3 -3.250831
4 -10.868726
5 -3.824667
6 -3.824667
256 7
0 -995.00903
1 -5.111661
2 -5.503147
3 -5.079898
4 -11.837043
5 -5.079898
6 -5.079626
8448 7
0 -971.405
1 -5.4182715
2 -5.46095
3 -5.418655
4 -13.133029
5 -5.418655
6 -5.4285593
8960 7
0 -0.95311296
1 -0.95311296
2 276.3763
3 -0.95311296
4 -13.506544
5 -0.95311296
6 -0.95311296
12544 7
0 -4.481525
1 -4.3144174
2 -4.7075815
3 -4.422284
4 -13.809716
5 -4.4246078
6 -4.4407043
4865 7
0 -2.5663917
1 -2.5297508
2 -2.5400305
3 -2.5782995
4 -12.1448145
5 -2.5710769
6 -2.577522
769 7
0 0.0
1 -0.9138922
2 -1.7255933
3 -0.90842265
4 -13.352957
5 -0.9559781
6 0.0
4353 7
0 -2.5241094
1 -0.954067
2 0.0
3 0.0
4 0.0
5 0.0
6 -0.954067
8449 7
0 -955.02106
1 0.0
2 0.0
3 0.0
4 0.0
5 0.0
6 0.0
8961 7
0 -0.93050057
1 -0.93050057
2 -0.9926642
3 -0.93050057
4 -14.66786
5 -0.93050057
6 -0.93050057
4866 7
0 -4.541862
1 -4.5384
2 389.461
3 -4.537419
4 -4.537419
5 -4.537419
6 -4.537419
12546 7
0 -5.5160193
1 -5.5040464
2 -5.067679
3 -5.0737896
4 -5.0737896
5 -5.0737896
6 -5.0737896
4354 7
0 -3.9681706
1 -4.454616
2 -3.977849
3 -3.995357
4 -3.995357
5 -3.995357
6 -3.995357
770 7
0 -5.046938
1 -5.103316
2 -5.043755
3 -5.061368
4 -5.061368
5 -5.046938
6 -5.061368
258 7
0 -999.999
1 -3.424814
2 -4.03785
3 -4.0592117
4 -4.055274
5 -4.0592117
6 -4.055274
8450 7
0 -987.077
1 -4.5458784
2 -4.587035
3 -4.5828032
4 -4.5828032
5 -4.5828032
6 -4.5828032
8962 7
0 -4.529428
1 -4.5346518
2 276.7874
3 -4.529428
4 -4.529428
5 -4.529428
6 -4.529428
4355 7
0 -2.623931
1 -2.6678896
2 -2.6289058
3 -2.634914
4 -2.630844
5 -2.6324317
6 -2.6292672
12547 7
0 -0.9981727
1 -1.7681884
2 -0.9733507
3 -1.7761068
4 -1.7761068
5 -1.7761068
6 -1.7761068
771 7
0 -5.0526414
1 -5.079119
2 -5.458706
3 -5.0446033
4 -5.0446033
5 -5.0446033
6 -5.0446033
259 7
0 -972.377
1 -1.84415
2 -2.5821187
3 -1.8502996
4 -1.8405869
5 -1.8433772
6 -1.8405869
8451 7
0 -963.6611
1 -1.895601
2 -2.4603941
3 -2.57658
4 -2.5421062
5 -2.5678196
6 -2.5421062
8963 7
0 -5.9357185
1 -5.9278
2 324.00363
3 -5.9357185
4 -5.9357185
5 -5.9357185
6 -5.9357185
4867 7
0 -5.072751
1 -5.0631466
2 -4.5967336
3 -5.070596
4 -5.072751
5 -5.072751
6 -5.072751
4358 7
0 0.0
1 -0.99501
2 -0.99501
3 0.0
4 0.0
5 0.0
6 0.0
262 7
0 -0.996006
1 -0.996006
2 -0.9999801
3 -0.996006
4 -1.8919125
5 -0.996006
6 -0.996006
774 7
0 -1.8928093
1 -0.996006
2 -0.999984
3 -0.996006
4 -0.996006
5 -1.8928093
6 -1.8928093
8966 7
0 0.0
1 -0.996006
2 -0.996006
3 -0.996006
4 -0.996006
5 0.0
6 -0.996006
12550 7
0 -0.9295705
1 0.0
2 0.0
3 0.0
4 0.0
5 0.0
6 0.0
4871 7
0 -0.9792098
1 -0.9792098
2 -0.9792098
3 -0.9792098
4 -0.9792098
5 -0.9792098
6 -0.9792098
775 7
0 -0.9351659
1 0.0
2 -0.9351659
3 -0.9351659
4 -0.9351659
5 -0.9351659
6 0.0
4368 7
0 -4.966532
1 -4.6766424
2 -5.00723
3 -5.0290146
4 -13.115968
5 -5.0121517
6 -5.022149
4880 7
0 -3.7746463
1 -3.1833942
2 -3.2287421
3 -3.236477
4 -12.192779
5 -3.236477
6 -3.2478862
784 7
0 -3.8688815
1 -3.8291302
2 -3.8991473
3 -3.8297098
4 -12.840292
5 -3.8334837
6 -3.8688815
272 7
0 -5.5175004
1 -5.115245
2 -5.1284385
3 -5.5175004
4 -10.901396
5 -5.518974
6 -5.5175004
8464 7
0 -5.066372
1 -5.428959
2 -5.292138
3 -5.4245043
4 -13.362692
5 -5.4264665
6 -5.461313
8976 7
0 -2.3923914
1 0.0
2 -0.9203147
3 -0.9203147
4 370.90717
5 0.0
6 0.0
12560 7
0 -4.997863
1 -4.4233875
2 -4.34901
3 -4.430335
4 -13.324931
5 -4.4245195
6 -4.430335
4881 7
0 -1.889084
1 -1.837154
2 -2.4510972
3 -2.52934
4 -14.299649
5 -2.5561788
6 -2.52934
785 7
0 -1.747595
1 -0.99965286
2 164.74582
3 -1.747595
4 -13.845562
5 -1.747595
6 -1.7442645
4369 7
0 -0.95502204
1 -0.93143165
2 -1.7758825
3 -0.95502204
4 0.0
5 -0.95502204
6 -0.93143165
273 7
0 0.0
1 0.0
2 0.0
3 0.0
4 -12.08383
5 0.0
6 0.0
8977 7
0 -1.7362015
1 -0.9148073
2 -0.9138922
3 -0.9138922
4 0.0
5 -0.9148073
6 -0.9148073
4882 7
0 -4.0155807
1 -3.9769719
2 472.60147
3 -4.5392694
4 -4.5392694
5 -4.535663
6 -4.5392694
12562 7
0 -5.0705385
1 -5.07764
2 -5.5049567
3 -5.0732336
4 -5.0737667
5 -5.0737667
6 -5.0732336
4370 7
0 -4.036245
1 -4.0349317
2 -4.0505457
3 -4.0167074
4 -4.019364
5 -4.0167074
6 -4.0200152
786 7
0 -5.4988537
1 -5.476028
2 -5.046853
3 -5.4988537
4 -5.0486255
5 -5.4988537
6 -5.0486255
274 7
0 -3.4056597
1 -4.0461936
2 -3.4155304
3 -4.0513253
4 -4.0500145
5 -4.0513253
6 -4.0513253
8466 7
0 -4.603905
1 -4.640977
2 -4.574828
3 -4.57424
4 -4.5760393
5 -4.57367
6 -4.57424
8978 7
0 424.3413
1 -4.496293
2 -4.532369
3 -4.532769
4 -4.5303006
5 -4.5303006
6 -4.532769
4883 7
0 -5.057063
1 -5.0705986
2 525.80676
3 -5.0689507
4 -5.064748
5 -5.076669
6 -5.0689507
12563 7
0 0.0
1 -0.9733507
2 0.0
3 0.0
4 0.0
5 0.0
6 0.0
4371 7
0 -1.897448
1 -2.6345696
2 -2.671041
3 -2.6284988
4 -2.6284988
5 -2.630087
6 -2.6284988
787 7
0 -5.0526414
1 -5.0933557
2 -5.0565715
3 -5.4992895
4 -5.0526414
5 -5.0526414
6 -5.4992895
275 7
0 -1.8502996
1 -1.8820349
2 -1.8818082
3 -1.8484483
4 -1.8484483
5 -1.8484483
6 -1.8484483
8467 7
0 -1.8376389
1 -2.5445156
2 -1.861979
3 -2.5421062
4 -2.5421062
5 -2.5421062
6 -2.5421062
8979 7
0 462.0404
1 -5.518638
2 -5.5151544
3 -5.510663
4 -5.510663
5 -5.510663
6 -5.510663
278 7
0 -0.996006
1 -0.996006
2 -0.99501
3 -0.996006
4 -0.996006
5 0.0
6 -0.996006
790 7
0 -1.7727308
1 -1.8888313
2 -0.9997187
3 -1.7727308
4 -1.7727308
5 -1.7727308
6 -1.7727308
8982 7
0 0.0
1 -0.996006
2 0.0
3 -0.996006
4 0.0
5 -0.996006
6 0.0
4374 7
0 0.0
1 -0.99501
2 0.0
3 0.0
4 -0.99501
5 0.0
6 0.0
4887 7
0 0.0
1 -0.9792098
2 0.0
3 0.0
4 0.0
5 0.0
6 0.0
791 7
0 -0.9351659
1 -0.9351659
2 -0.9351659
3 -0.9351659
4 0.0
5 -0.9351659
6 -0.9351659
279 7
0 -0.9351659
1 0.0
2 -0.9351659
3 -0.9351659
4 0.0
5 -0.9351659
6 0.0
8480 7
0 -977.2521
1 -5.4252014
2 -5.001227
3 -5.427033
4 -13.360108
5 -5.427033
6 -5.417691
4896 7
0 -3.1701274
1 -3.2366874
2 -3.2126956
3 -3.2316957
4 -12.620899
5 -3.2316957
6 -3.2287188
8992 7
0 -924.929
1 332.81644
2 -1.7217796
3 -1.7542617
4 -13.217574
5 -1.7542617
6 -1.7576131
12576 7
0 -4.903815
1 -4.4448276
2 -4.456546
3 -4.4218426
4 -13.662867
5 -4.421119
6 -4.421119
4384 7
0 -4.9958887
1 -4.962864
2 -4.653025
3 -5.0091395
4 -10.92323
5 -5.0093794
6 -5.0069647
800 7
0 -929.56915
1 -3.3505392
2 -3.4204237
3 -3.8309412
4 -10.225275
5 -3.8284028
6 -3.8309412
288 7
0 -5.0968037
1 -5.4727163
2 -5.0915246
3 -5.49779
4 -12.517309
5 -5.49779
6 -5.4973
4897 7
0 -2.520667
1 -1.8211675
2 -1.888275
3 -2.5162356
4 -10.696155
5 -1.800714
6 -2.5162356
4385 7
0 641.8749
1 -0.9998613
2 -0.9998704
3 -1.8069131
4 -12.152446
5 -1.8069131
6 -1.8069131
801 7
0 0.0
1 -1.7001871
2 328.5497
3 -0.9138922
4 -10.286825
5 0.0
6 -0.9351659
8993 7
0 0.0
1 -0.9138922
2 -0.93050057
3 -0.9138922
4 -14.82505
5 0.0
6 0.0
4898 7
0 526.2239
1 -3.948603
2 -3.9657052
3 -3.96247
4 -3.96247
5 -3.96247
6 -3.96247
12578 7
0 -5.5147824
1 -5.113554
2 -5.538494
3 -5.547763
4 -5.546314
5 -5.546314
6 -5.546314
4386 7
0 -3.4266024
1 -3.4353452
2 -3.988915
3 -4.0032506
4 -4.0032506
5 -4.0032506
6 -4.0032506
802 7
0 -989.054
1 -5.042114
2 -5.0468426
3 -5.0404387
4 -5.0474544
5 -5.0474544
6 -5.0404387
290 7
0 -2.707219
1 -3.404132
2 -3.4125848
3 -3.404161
4 -3.4027073
5 -3.4027073
6 -3.4027073
8482 7
0 -985.104
1 -4.573624
2 -4.579976
3 -4.57424
4 -4.57424
5 -4.57424
6 -4.5820155
8994 7
0 -969.46405
1 -4.5307994
2 -4.5064716
3 -4.53377
4 -4.53377
5 -4.53377
6 -4.53377
4387 7
0 725.561
1 -2.6607285
2 -2.658478
3 -2.6340191
4 -2.6340191
5 -2.6340191
6 -2.6388562
12579 7
0 -0.9598122
1 0.0
2 -0.9559781
3 -0.9559781
4 -0.9598122
5 -0.9598122
6 -0.9598122
803 7
0 -984.119
1 -5.0372195
2 -5.125118
3 -5.039842
4 -5.0440784
5 -5.0440784
6 -5.0440784
291 7
0 -0.9992314
1 -1.8300676
2 -2.5595758
3 -1.8433772
4 -1.8353834
5 -1.8451023
6 -1.8353834
4899 7
0 585.8043
1 -5.0085406
2 -4.5498247
3 -4.547629
4 -4.5440917
5 -4.5440917
6 -4.547629
8483 7
0 -955.97705
1 -2.542276
2 -1.8360047
3 -1.8088405
4 -1.8088405
5 -1.8088405
6 -1.8088405
8995 7
0 -973.35004
1 -5.551545
2 -5.92375
3 -5.9322543
4 -5.9322543
5 -5.9322543
6 -5.9322543
806 7
0 -0.9295705
1 -0.9295705
2 -0.996006
3 0.0
4 -0.996006
5 -0.9295705
6 0.0
8998 7
0 -997.002
1 0.0
2 0.0
3 -0.996006
4 0.0
5 0.0
6 -0.996006
294 7
0 -0.99501
1 0.0
2 -0.9295705
3 -0.9295705
4 0.0
5 -0.9295705
6 -0.9295705
4390 7
0 -0.99501
1 0.0
2 0.0
3 -0.99501
4 0.0
5 -0.99501
6 0.0
12582 7
0 0.0
1 0.0
2 -0.9295705
3 0.0
4 0.0
5 0.0
6 0.0
807 7
0 -0.9351659
1 -0.9351659
2 -0.9351659
3 -0.9351659
4 0.0
5 -0.9351659
6 0.0
295 7
0 -0.9351659
1 -0.9351659
2 0.0
3 0.0
4 -0.9351659
5 0.0
6 -0.9351659
12592 7
0 -4.9400816
1 -4.853501
2 -3.6641655
3 -4.952463
4 -13.062247
5 -4.9400816
6 -4.9529934
4400 7
0 -4.9775743
1 -4.5377865
2 -4.526637
3 -4.513663
4 -12.468825
5 -4.513663
6 -4.5130663
304 7
0 -4.9962497
1 -5.452719
2 -5.457878
3 -5.046854
4 -12.475927
5 -5.044689
6 -5.044689
8496 7
0 -4.9850087
1 -5.4177227
2 -4.9666266
3 -4.976358
4 -11.708372
5 -4.977995
6 -4.979671
9008 7
0 -954.0661
1 298.5348
2 -1.7630227
3 -1.7676739
4 -13.258207
5 -1.7676739
6 -1.7778302
4912 7
0 267.68134
1 -3.2364922
2 -2.5480654
3 -2.5679708
4 -12.226584
5 -2.564673
6 -2.564673
816 7
0 -3.2205827
1 -3.7723947
2 -3.2026038
3 -3.2021594
4 -13.9134
5 -3.2021594
6 -3.2021594
4913 7
0 -1.8313053
1 -1.768253
2 -1.7732586
3 -1.7794892
4 -13.823067
5 -1.7794892
6 -1.7794892
4401 7
0 -0.954067
1 -0.9588522
2 -0.954067
3 0.0
4 -11.83766
5 0.0
6 -0.954067
8497 7
0 0.0
1 0.0
2 -0.954067
3 -0.954067
4 0.0
5 -0.954067
6 -0.954067
9009 7
0 -945.51605
1 -0.9951698
2 -1.751922
3 -1.759355
4 -14.08508
5 -1.774418
6 -1.759355
817 7
0 0.0
1 0.0
2 0.0
3 0.0
4 408.81116
5 0.0
6 -0.9138922
12594 7
0 -5.5451784
1 -5.1976953
2 -5.202724
3 -5.5432544
4 -5.5451784
5 -5.5451784
6 -5.5451784
818 7
0 -4.6118507
1 -5.040933
2 -5.021095
3 -5.0453863
4 -5.0453863
5 -5.045815
6 -5.045815
306 7
0 -2.7096984
1 -3.4100049
2 -4.0417557
3 -3.4042034
4 -3.4019887
5 -3.4034429
6 -3.4019887
4914 7
0 -4.540329
1 435.49835
2 -4.5441227
3 -4.53839
4 -4.53839
5 -4.53839
6 -4.53839
8498 7
0 -5.4532614
1 -4.5730567
2 -4.04362
3 -4.5771503
4 -4.5771503
5 -4.5765815
6 -4.5765815
9010 7
0 -994.014
1 -4.028803
2 -4.0838385
3 -4.5412936
4 -4.543047
5 -4.5412936
6 -4.544829
4402 7
0 -4.5331464
1 -3.9591954
2 -4.481512
3 -3.9884698
4 -3.9878032
5 -3.9878032
6 -3.9884698
4403 7
0 -1.8990982
1 -2.633174
2 -3.293852
3 -2.6301966
4 -2.624552
5 -2.6341348
6 -2.624552
8499 7
0 -1.8045963
1 -1.8110639
2 -1.7808038
3 -1.8370823
4 -1.8370823
5 -1.8397396
6 -1.8414441
4915 7
0 -4.549362
1 526.21545
2 -5.012581
3 -4.55005
4 -4.552975
5 -5.064192
6 -5.061513
9011 7
0 -988.065
1 -5.902161
2 -5.960279
3 -5.9344654
4 -5.9393773
5 -5.9327555
6 -5.9327555
819 7
0 472.25616
1 -5.0409303
2 -5.0491295
3 -5.039317
4 -5.0446033
5 -5.0446033
6 -5.0446033
307 7
0 -2.6679661
1 -1.8580271
2 -1.8433772
3 -1.8188374
4 -1.8257806
5 -1.8433772
6 -1.8188374
12595 7
0 -1.8018439
1 -0.9982309
2 -0.9998747
3 -1.8205668
4 -1.8205668
5 -1.8205668
6 -1.8141215
822 7
0 -0.996006
1 0.0
2 -0.996006
3 -0.996006
4 0.0
5 -0.996006
6 -0.996006
310 7
0 -0.9295705
1 0.0
2 -0.996006
3 0.0
4 -0.9295705
5 0.0
6 -0.9295705
4918 7
0 -0.996006
1 0.0
2 0.0
3 -0.996006
4 0.0
5 -0.996006
6 0.0
9014 7
0 0.0
1 -0.996006
2 -0.996006
3 -0.996006
4 0.0
5 0.0
6 -0.996006
4406 7
0 -0.9295705
1 -0.99501
2 0.0
3 0.0
4 -0.9295705
5 -0.9295705
6 0.0
8502 7
0 -0.9295705
1 0.0
2 0.0
3 0.0
4 0.0
5 0.0
6 0.0
12598 7
0 -0.9295705
1 -0.9295705
2 -0.9295705
3 -0.9295705
4 -0.9295705
5 -0.9295705
6 0.0
4919 7
0 -0.9792098
1 0.0
2 0.0
3 -0.9792098
4 -0.9792098
5 -0.9792098
6 0.0
9015 7
0 -980.18896
1 0.0
2 0.0
3 -0.9792098
4 -0.9792098
5 -0.9792098
6 -0.9792098
823 7
0 0.0
1 -0.9351659
2 0.0
3 0.0
4 0.0
5 0.0
6 0.0
